0 0.858247 0.801158 0.201031 0.158301
0 0.646907 0.801158 0.211340 0.150579
0 0.445876 0.801158 0.201031 0.150579
0 0.551546 0.679537 0.206186 0.146718
0 0.747423 0.677606 0.206186 0.150579
0 0.353093 0.679537 0.190722 0.138996
0 0.453608 0.559846 0.195876 0.146718
0 0.646907 0.554054 0.211340 0.150579
0 0.551546 0.438224 0.195876 0.142857
0 0.456186 0.326255 0.201031 0.142857
0 0.347938 0.216216 0.201031 0.146718
0 0.260309 0.337838 0.190722 0.142857
0 0.170103 0.455598 0.185567 0.138996
0 0.358247 0.445946 0.201031 0.135135
0 0.268041 0.565637 0.185567 0.142857
