0 0.436667 0.511905 0.240000 0.392857
0 0.628333 0.321429 0.236667 0.369048
0 0.815000 0.178571 0.223333 0.345238
0 0.948333 0.330357 0.103333 0.351190
0 0.823333 0.508929 0.226667 0.386905
0 0.963333 0.696429 0.073333 0.380952
0 0.845000 0.836310 0.243333 0.327381
0 0.640000 0.693452 0.233333 0.398810
0 0.441667 0.845238 0.243333 0.309524
0 0.238333 0.714286 0.243333 0.404762
0 0.240000 0.336310 0.226667 0.363095
0 0.081667 0.550595 0.156667 0.386905
0 0.081667 0.187500 0.156667 0.363095
0 0.440000 0.169643 0.233333 0.327381
0 0.620000 0.077381 0.226667 0.142857
0 0.078333 0.860119 0.150000 0.279762
