0 0.613333 0.320000 0.124444 0.124444
0 0.508889 0.662222 0.128889 0.124444
0 0.631111 0.662222 0.124444 0.124444
0 0.751111 0.648889 0.124444 0.115556
0 0.848889 0.637778 0.106667 0.120000
0 0.157778 0.715556 0.137778 0.133333
0 0.204444 0.604444 0.106667 0.097778
0 0.228889 0.537778 0.093333 0.080000
0 0.351111 0.677778 0.124444 0.120000
0 0.568889 0.566667 0.124444 0.120000
0 0.686667 0.564444 0.111111 0.124444
0 0.780000 0.551111 0.111111 0.106667
0 0.411111 0.582222 0.120000 0.115556
0 0.486667 0.497778 0.120000 0.115556
0 0.613333 0.475556 0.115556 0.115556
0 0.717778 0.471111 0.102222 0.106667
0 0.546667 0.400000 0.115556 0.115556
0 0.673333 0.386667 0.111111 0.115556
