0 0.766667 0.917857 0.200000 0.121429
0 0.858333 0.808929 0.183333 0.110714
0 0.752778 0.714286 0.194444 0.107143
0 0.663889 0.816071 0.194444 0.117857
0 0.166667 0.898214 0.200000 0.117857
0 0.280556 0.798214 0.205556 0.132143
0 0.172222 0.705357 0.200000 0.132143
0 0.286111 0.607143 0.194444 0.121429
0 0.169444 0.510714 0.194444 0.128571
0 0.286111 0.414286 0.194444 0.128571
0 0.844444 0.567857 0.155556 0.100000
0 0.680556 0.562500 0.161111 0.096429
0 0.766667 0.403571 0.166667 0.100000
0 0.775000 0.319643 0.161111 0.089286
0 0.683333 0.467857 0.166667 0.100000
0 0.833333 0.473214 0.155556 0.089286
