0 0.657233 0.311321 0.157233 0.157233
0 0.512579 0.314465 0.157233 0.163522
0 0.367925 0.314465 0.157233 0.163522
0 0.273585 0.440252 0.169811 0.163522
0 0.427673 0.443396 0.163522 0.157233
0 0.584906 0.455975 0.163522 0.157233
0 0.748428 0.477987 0.163522 0.163522
0 0.767296 0.638365 0.163522 0.157233
0 0.660377 0.751572 0.163522 0.169811
0 0.594340 0.606918 0.169811 0.169811
0 0.427673 0.600629 0.163522 0.169811
0 0.264151 0.597484 0.163522 0.176101
0 0.333333 0.738994 0.176101 0.169811
0 0.500000 0.742138 0.169811 0.176101
0 0.770440 0.883648 0.169811 0.182390
0 0.610063 0.902516 0.163522 0.169811
0 0.440252 0.896226 0.176101 0.169811
0 0.238994 0.874214 0.176101 0.176101
