0 0.638182 0.505464 0.221818 0.344262
0 0.427273 0.521858 0.214545 0.322404
0 0.214545 0.538251 0.210909 0.333333
0 0.109091 0.284153 0.210909 0.316940
0 0.316364 0.259563 0.210909 0.333333
0 0.523636 0.245902 0.210909 0.316940
0 0.738182 0.237705 0.218182 0.333333
0 0.920000 0.215847 0.160000 0.333333
0 0.854545 0.497268 0.225455 0.338798
0 0.929091 0.773224 0.141818 0.366120
0 0.752727 0.786885 0.225455 0.349727
0 0.536364 0.795082 0.221818 0.333333
0 0.323636 0.811475 0.218182 0.333333
0 0.110909 0.827869 0.214545 0.333333
0 0.058182 0.551913 0.109091 0.327869
