0 0.801020 0.444444 0.193878 0.315789
0 0.602041 0.766082 0.156463 0.280702
0 0.513605 0.546784 0.156463 0.274854
0 0.384354 0.397661 0.156463 0.269006
0 0.554422 0.266082 0.156463 0.274854
0 0.397959 0.143275 0.156463 0.274854
0 0.239796 0.225146 0.159864 0.274854
0 0.091837 0.324561 0.170068 0.263158
0 0.052721 0.552632 0.098639 0.298246
0 0.171769 0.745614 0.173469 0.274854
0 0.369048 0.652047 0.159864 0.263158
0 0.214286 0.488304 0.170068 0.274854
0 0.710884 0.242690 0.163265 0.251462
0 0.943878 0.116959 0.112245 0.222222
0 0.909864 0.912281 0.180272 0.175439
0 0.957483 0.695906 0.085034 0.304094
0 0.948980 0.377193 0.102041 0.309942
0 0.772109 0.874269 0.163265 0.251462
0 0.824830 0.649123 0.166667 0.257310
0 0.472789 0.885965 0.170068 0.228070
0 0.314626 0.880117 0.153061 0.239766
