0 0.435556 0.662222 0.177778 0.177778
0 0.577778 0.502222 0.195556 0.195556
0 0.395556 0.486667 0.177778 0.182222
0 0.522222 0.322222 0.191111 0.191111
0 0.340000 0.311111 0.191111 0.186667
0 0.271111 0.628889 0.186667 0.191111
0 0.333333 0.815556 0.186667 0.191111
0 0.515556 0.824444 0.186667 0.182222
0 0.688889 0.815556 0.177778 0.182222
0 0.615556 0.675556 0.182222 0.177778
0 0.813333 0.828889 0.168889 0.173333
0 0.666667 0.211111 0.177778 0.182222
0 0.471111 0.204444 0.213333 0.168889
0 0.248889 0.455556 0.177778 0.182222
