0 0.421818 0.688525 0.210909 0.327869
0 0.738182 0.448087 0.203636 0.316940
0 0.618182 0.245902 0.196364 0.306011
0 0.549091 0.502732 0.189091 0.306011
0 0.390909 0.398907 0.200000 0.306011
0 0.194545 0.442623 0.192727 0.306011
0 0.070909 0.355191 0.134545 0.306011
0 0.156364 0.729508 0.196364 0.300546
0 0.278182 0.857923 0.214545 0.284153
0 0.656364 0.792350 0.214545 0.327869
0 0.827273 0.710383 0.200000 0.316940
0 0.934545 0.857923 0.130909 0.284153
0 0.894545 0.483607 0.174545 0.289617
0 0.838182 0.218579 0.192727 0.284153
0 0.330909 0.185792 0.181818 0.284153
