0 0.740741 0.814103 0.157407 0.149573
0 0.592593 0.835470 0.148148 0.141026
0 0.446759 0.829060 0.152778 0.145299
0 0.266204 0.809829 0.152778 0.141026
0 0.344907 0.692308 0.152778 0.136752
0 0.497685 0.700855 0.152778 0.136752
0 0.643519 0.707265 0.157407 0.141026
0 0.738426 0.615385 0.152778 0.136752
0 0.717593 0.485043 0.148148 0.132479
0 0.645833 0.348291 0.134259 0.132479
0 0.513889 0.348291 0.148148 0.123932
0 0.300926 0.452991 0.148148 0.128205
0 0.437500 0.581197 0.152778 0.136752
0 0.581019 0.589744 0.143519 0.136752
0 0.578704 0.467949 0.138889 0.132479
0 0.439815 0.455128 0.138889 0.132479
0 0.289352 0.576923 0.143519 0.128205
