0 0.615000 0.640000 0.170000 0.160000
0 0.610000 0.505000 0.160000 0.130000
0 0.585000 0.405000 0.150000 0.130000
0 0.590000 0.295000 0.160000 0.130000
0 0.610000 0.190000 0.140000 0.120000
0 0.590000 0.110000 0.140000 0.120000
0 0.465000 0.090000 0.130000 0.120000
0 0.345000 0.120000 0.130000 0.120000
0 0.310000 0.215000 0.140000 0.130000
0 0.255000 0.315000 0.150000 0.150000
0 0.125000 0.355000 0.150000 0.150000
0 0.035000 0.385000 0.050000 0.130000
0 0.200000 0.650000 0.140000 0.160000
0 0.335000 0.650000 0.130000 0.160000
0 0.465000 0.680000 0.150000 0.160000
0 0.095000 0.610000 0.150000 0.160000
