0 0.641818 0.131148 0.200000 0.251366
0 0.680000 0.505464 0.218182 0.333333
0 0.461818 0.355191 0.218182 0.327869
0 0.325455 0.207650 0.207273 0.306011
0 0.098182 0.122951 0.189091 0.234973
0 0.076364 0.355191 0.145455 0.284153
0 0.232727 0.453552 0.203636 0.295082
0 0.341818 0.595628 0.218182 0.306011
0 0.154545 0.707650 0.229091 0.322404
0 0.729091 0.838798 0.236364 0.322404
0 0.492727 0.814208 0.229091 0.338798
0 0.349091 0.915301 0.232727 0.169399
0 0.127273 0.907104 0.247273 0.185792
0 0.854545 0.680328 0.218182 0.322404
0 0.869091 0.327869 0.189091 0.306011
0 0.960000 0.101093 0.080000 0.191257
0 0.960000 0.740437 0.080000 0.333333
