0 0.489437 0.491573 0.225352 0.376404
0 0.665493 0.191011 0.204225 0.325843
0 0.857394 0.247191 0.200704 0.337079
0 0.811620 0.564607 0.193662 0.342697
0 0.630282 0.544944 0.197183 0.348315
0 0.549296 0.806180 0.218310 0.353933
0 0.315141 0.730337 0.207746 0.337079
0 0.200704 0.901685 0.218310 0.196629
0 0.073944 0.525281 0.140845 0.308989
0 0.227113 0.202247 0.193662 0.325843
0 0.072183 0.233146 0.137324 0.308989
0 0.422535 0.176966 0.197183 0.308989
0 0.339789 0.410112 0.207746 0.337079
0 0.700704 0.912921 0.225352 0.174157
0 0.943662 0.893258 0.112676 0.213483
