0 0.667526 0.723938 0.128866 0.096525
0 0.654639 0.832046 0.123711 0.104247
0 0.657216 0.922780 0.139175 0.100386
0 0.525773 0.928571 0.134021 0.096525
0 0.536082 0.837838 0.123711 0.092664
0 0.597938 0.754826 0.113402 0.088803
0 0.481959 0.762548 0.118557 0.088803
0 0.427835 0.702703 0.123711 0.108108
0 0.389175 0.928571 0.139175 0.096525
0 0.244845 0.934363 0.149485 0.108108
0 0.190722 0.878378 0.154639 0.119691
0 0.213918 0.783784 0.139175 0.100386
0 0.306701 0.708494 0.128866 0.096525
0 0.355670 0.781853 0.134021 0.104247
0 0.417526 0.839768 0.123711 0.096525
