0 0.563636 0.603825 0.225455 0.344262
0 0.783636 0.592896 0.221818 0.333333
0 0.670909 0.311475 0.221818 0.338798
0 0.494545 0.161202 0.247273 0.311475
0 0.216364 0.352459 0.243636 0.366120
0 0.349091 0.693989 0.232727 0.349727
0 0.156364 0.590164 0.232727 0.327869
0 0.736364 0.868852 0.221818 0.262295
0 0.925455 0.860656 0.149091 0.278689
0 0.950909 0.576503 0.098182 0.344262
0 0.889091 0.300546 0.221818 0.327869
0 0.496364 0.877049 0.221818 0.245902
0 0.263636 0.893443 0.221818 0.213115
0 0.078182 0.926230 0.149091 0.147541
0 0.087273 0.284153 0.167273 0.338798
0 0.296364 0.131148 0.214545 0.251366
