0 0.654639 0.817919 0.161512 0.283237
0 0.474227 0.838150 0.171821 0.289017
0 0.189003 0.765896 0.164948 0.271676
0 0.276632 0.546243 0.161512 0.271676
0 0.147766 0.375723 0.151203 0.242775
0 0.130584 0.664740 0.144330 0.265896
0 0.073883 0.583815 0.140893 0.242775
0 0.479381 0.317919 0.154639 0.254335
0 0.628866 0.130058 0.151203 0.248555
0 0.750859 0.479769 0.140893 0.265896
0 0.639175 0.566474 0.151203 0.277457
0 0.510309 0.575145 0.168385 0.283237
0 0.821306 0.653179 0.144330 0.265896
0 0.927835 0.592486 0.137457 0.248555
0 0.847079 0.421965 0.134021 0.242775
0 0.742268 0.283237 0.137457 0.208092
0 0.347079 0.771676 0.151203 0.283237
0 0.323024 0.323699 0.158076 0.265896
0 0.462199 0.121387 0.154639 0.231214
